 42.45810056  98.06034483  51.59      
 35.905616    96.64731781  51.59574468
 38.10790944  95.47325285  47.        
 41.57894737  94.36011402  44.88636364
 39.10614525  96.31526141  38.9446325 
 48.          97.15189873  38.66054159
 58.42105263  93.01848049  39.        
 65.03381358  90.18607168  39.77272727
 56.31578947  94.27715541  48.29545455
 53.3622464   93.17381222  57.05184047
 42.1561581   90.56302743  62.15546422
 38.          92.61603376  44.88636364
 24.73684211  92.24589322  44.68085106
 23.77241988  88.06336394  34.04255319
 28.49162011  91.69485669  25.56818182
 41.14819171  96.59601395  38.66054159
 44.12378712  95.90817677  22.34042553
 58.65921788  94.46702677  19.88636364
 58.75150013  96.85779418  50.83044864
 64.51066243  94.93670886  37.5       
 73.68421053  96.15336296  47.72727273
 68.15642458  94.56569184  53.97727273
 67.97706557  94.52887134  62.        
 60.89385475  92.67241379  52.21338346
 54.21052632  95.72860621  69.88636364
 44.21052632  95.68788501  58.        
 37.35077918  96.31496495  52.        
 24.6104087   98.46444334  63.29787234
 16.31578947  94.45585216  52.        
 10.          95.41666667  60.63829787
  5.87033226  96.49217349  44.30609284
 15.          88.18565401  45.45454545
 14.02381652  91.32077175  39.20454545
  7.85076556  94.375       19.68085106
 12.          94.375       19.14893617
  5.58659218  94.59770115   4.78723404
 16.75977654  94.61206897   5.        
 26.81564246  97.4137931    5.        
 36.87150838  98.92241379   4.8       
 51.73478389  97.12016746   5.2       
 64.24581006  99.13793103   5.4       
 73.74301676  98.70689655   5.8       
 77.65363128  98.19538411   9.65909091
 82.68156425  90.77813546  20.58147969
 93.8547486   91.36857995  34.48984526
 89.16642164  98.81908774  35.22727273
 90.21905322  99.79466119  50.        
 90.          96.87994575  59.13926499
 98.32402235  90.3481303   51.80125725
 85.          95.78059072  71.59090909
 95.26315789  96.66670999  88.06818182
 68.76653925  89.36863233  80.31914894
 67.89473684  94.45585216  80.        
 60.52631579  94.86652977  79.        
 48.42105263  95.4825462   81.        
 37.36842105  95.07186858  92.        
 32.69479565  87.73967995 100.        
 20.          95.65494524  93.61702128
 22.          97.03201931  65.        
  6.84210526  95.45409822  80.85106383
  0.          93.3902293   75.        
 15.55        94.16666667  61.70212766
  2.79329609  89.90830666  77.46615087
 10.          89.79035261  62.70551257
  4.21052632  84.18078371  65.95744681
 35.15733182  83.32612378  55.25339477
 20.54983828  86.17280126  48.40425532
 34.73684211  88.13003239  51.45672147
 37.08762129  81.83391886  54.54545455
 40.52631579  92.5         27.65957447
 46.9273743   85.7112069   42.0212766 
 60.33519553  83.62068966  51.22      
 52.51396648  83.8362069  550.58      
 46.45805584  85.          50.12      
 36.31578947  86.55715264  59.57446809
 26.84210526  86.04081109  47.87234043
 19.55307263  86.13005602  62.5       
 14.21052632  80.3567816   52.84090909
 16.73625404  85.61744731  39.36170213
 31.          81.96861814  32.24129594
 34.21052632  85.49544847  31.40715667
 41.57894737  85.52297228  27.65957447
 60.          86.68908228  21.75411025
 57.98147604  88.20238185  28.88660542
 66.48044693  82.38305689  23.67021277
 72.89179653  85.82657721  36.17021277
 69.63687151  85.18263648  52.58285382
 67.89473684  84.80492813  60.        
 61.68284384  83.83929257  62.        
 59.          82.          60.55321214
 57.54189944  81.03807471  64.89361702
 48.42105263  84.80492813  62.21181694
 44.21052632  86.80930638  70.97437137
 35.26315789  85.83680077  69.59018375
 28.          50.          56.38243812
 17.89473684  81.38625086  61.70212766
  8.          80.          51.        
  2.63157895  80.2853408   58.58921663
  3.          83.33333333  45.21276596
  1.67597765  85.17600575  33.5106383 
  2.79329609  85.28376437  21.80851064
 11.73184358  85.18318966   2.12765957
 24.02234637  86.85344828   0.1       
 32.40223464  86.63793103   1.5       
 41.34078212  86.63793103   2.1       
 51.57894737  87.17766085  10.10638298
 62.88003528  88.52404361  11.81697292
 72.66098206  87.17509495   8.52272727
 78.77094972  82.30758039  11.36363636
 77.5433696   86.18861981  25.        
 90.5027933   85.97886052  32.16876209
 95.          79.          42.        
 94.          81.01265823  49.43181818
 94.73684211  85.43199127  64.20454545
 88.          85.44303797  77.27272727
 86.          81.23945148  82.35009671
 85.78947368  85.21560575  90.        
 75.80270509  79.57209666 100.        
 66.84210526  84.59958932  99.        
 58.94736842  84.59958932  98.        
 45.76742135  84.42323692  95.        
 39.27374302  83.99220244  90.        
 31.69508968  82.31564745  83.5106383 
 19.25022052  80.67928049  84.67117988
 14.73684211  75.17667693  77.65957447
 28.71949427  76.95543818  73.70647969
 28.70332255  78.42203662  58.32325919
 28.96648045  77.70989698  46.        
 33.51955307  77.15517241  42.        
 41.89944134  75.20114943  26.06382979
 56.          76.62447257  38.53965184
 60.          74.48556997  70.45454545
 57.89473684  75.54323812  64.77272727
 46.31578947  75.91659699  58.62548356
 35.26315789  76.05536675  64.39192456
 25.69832402  77.29794122  60.54158607
 16.75977654  77.57659804  44.34235977
 15.08379888  77.65083176  43.24226306
 19.          70.96387131  36.37572534
 22.34636872  73.63029851  26.51112186
 37.08762129  76.59946443  27.12765957
 44.69861805  77.48788853  19.02200193
 56.91267274  77.59055794  22.30415861
 58.94736842  77.09831498  27.25459381
 64.21052632  77.16863847  38.25556093
 74.30167598  72.04022989  42.0212766 
 76.96853867  78.73983974  48.86363636
 68.27256689  79.16302967  60.82567698
 71.05263158  75.22396659  73.86363636
 52.          72.91666667  67.0212766 
 57.89473684  76.67813214  70.17649903
 33.68421053  72.69913587  86.17021277
 23.68421053  72.38663587  85.10638298
 17.87709497  77.23060345  74.46808511
  8.94736842  75.48917693  72.87234043
  7.36842105  75.69900753  63.82978723
  5.26315789  76.11267967  54.25531915
  2.23463687  78.0783046   40.95744681
  0.          77.23060345  30.31914894
  3.35195531  75.65014368  22.34042553
 14.52513966  75.64655172  10.10638298
 17.          73.75         9.57446809
 20.11173184  72.84482759   2.        
 34.09585416  77.17377125   7.22316248
 44.69273743  77.44252874   1.06382979
 56.98324022  76.9216954    0.        
 67.59776536  74.20204059   0.        
 72.67715378  76.96364194  12.63297872
 84.3575419   73.46137058  13.06818182
 76.31578947  75.22396659  28.97727273
 92.17877095  75.05728939  34.09090909
 95.          69.          52.        
 [100.          71.18180665  53.14313346
 97.89473684  74.080524    70.45454545
 91.57894737  73.87518519  82.95454545
 85.78947368  73.04256665  90.34090909
 76.31578947  71.45662218  85.10638298
 58.50779183  72.54176108  77.65957447
 51.47162599  71.14509331  82.9787234 
 47.36842105  68.28387404  77.32712766
 48.94736842  68.282995    68.81044487
 49.          65.20833333  55.31914894
 42.80799765  68.03420492  52.85904255
 37.4301676   64.20258621  38.29787234
 53.63128492  67.37787356  37.23404255
 57.45516025  67.35538429  56.15933269
 52.          62.          60.        
 53.93707733  64.57163059  63.82978723
 54.21052632  66.07361006  67.04545455
 45.78947368  66.75704932  71.56068665
 34.07821229  66.72086425  71.54255319
 20.          65.          77.12765957
 16.84210526  65.35271218  70.74468085
 11.05263158  62.14899897  69.14893617
 12.          58.          48.        
 12.44486916  60.9982421   51.75894584
  7.2669803   65.96829836  39.36170213
 15.93060864  67.43640692  30.85106383
 21.57894737  62.56117385  24.46808511
 15.6424581   63.87931034   9.04255319
 29.49279624  66.97806769   6.        
 57.54189944  65.94827586   8.        
 69.          64.34599156  11.93181818
 70.77036166  68.44787706  19.26982592
 77.00088209  68.55383971  30.27079304
 87.70949721  65.3553458   30.96590909
 78.          64.1350211   53.40909091
 75.26315789  65.9137577   65.        
 68.94736842  63.25929873  69.88636364
 63.12702146  60.49397993  81.25      
 57.54189944  61.23922414  65.42553191
 49.          63.2478322   55.        
 43.62981476  61.26796901  63.63636364
 49.9         57.70833333  45.74468085
 44.13407821  61.51968451  36.37572534
 56.98324022  57.14707915  43.18181818
 63.68421053  57.73897712  55.11363636
 55.59688327  61.46729081  60.86194391
 64.73684211  62.84298946  68.18181818
 66.6612761   61.05579953  74.63128627
 63.15789474  55.98514976  93.75      
 50.52631579  57.86417314  92.04545455
 41.19670685  61.51049411  79.78723404
 29.47368421  58.01527207  80.85106383
 28.42105263  59.34291581  14.        
 15.08379888  58.3908046   67.0212766 
 12.          56.25        55.31914894
 12.10526316  56.24893053  44.14893617
 11.17318436  54.24568966  33.5106383 
 27.36842105  56.13688857  39.14410058
 25.1396648   59.16942504  28.71131528
 36.84063511  60.62105566  27.84090909
 39.10614525  57.62931034  11.17021277
 53.0726257   59.70373199  22.72727273
 64.24581006  55.70596295  14.88757253
 71.04969127  59.84822055  26.13636364
 68.7150838   57.11206897  40.        
 70.          57.95276341  50.        
 65.26315789  57.84446235  56.25      
 66.11878859  53.33385967  57.01160542
 50.          48.94514768  63.06818182
 48.42105263  52.87702126  54.24323017
 39.84857395  51.65758502  60.29376209
 46.          52.          48.        
 38.48426933  52.53521983  39.41005803
 44.18847398  52.69365387  38.30996132
 55.58071156  52.69930985  45.72654739
 67.03910615  50.54106649  49.43181818
 63.7018524   53.33526758  58.37765957
 68.94736842  51.41700384  61.69608317
 73.74301676  49.27069693  74.43181818
 43.68421053  50.1026694   78.        
 40.52631579  47.1484331   89.77272727
 28.94736842  47.25979637  78.19148936
 21.05263158  51.07781215  70.99250484
 16.31578947  50.45504676  64.67601547
 11.67156719  47.09880258  50.53191489
 18.          48.54166667  39.36170213
 20.84533961  51.48852263  35.86194391
 24.02234637  49.04813218  19.14893617
 36.31284916  48.71048851  12.23404255
 37.4301676   47.22701149   7.9787234 
 48.60335196  48.60823149  12.5       
 60.33519553  46.58809836  24.43181818
 72.06703911  46.80134221  13.06818182
 75.          48.10126582  28.40909091
 81.56424581  47.025953    31.25      
 65.          46.83544304  47.15909091
 64.          46.          50.        
 62.35371949  45.61371578  53.4634913 
 59.47368421  42.29979466  50.        
 43.15789474  43.53375257  47.34042553
 43.10349897  43.95006274  45.74468085
 60.          42.91666667  31.38297872
 60.89385475  39.97981231  26.70454545
 64.27668333  44.03247353  46.0106383 
 67.          43.07225738  56.49782398
 74.83093208  39.50912034  62.5       
 73.68421053  41.84126602  69.71711799
 73.15789474  41.8334503   82.38636364
 57.47133196  43.1120663   82.38636364
 47.89473684  42.09445585  78.        
 39.32225816  43.35041048  73.93617021
 31.20111732  43.69026562  75.16320116
 20.          38.56669233  64.89361702
 19.          36.875       54.25531915
 18.43575419  39.52945402  43.08510638
 20.11173184  39.73060345  33.5106383 
 27.35518965  44.07522276  27.36339458
 38.20493972  44.39245141  25.41102515
 43.36665687  44.69099853  12.23404255
 55.30726257  38.6980758   19.31818182
 58.94736842  45.44048929  26.19076402
 73.18435754  40.83506111  35.22727273
 65.78947368  40.7701505   47.72727273
 50.          41.35021097  52.27272727
 46.31578947  38.59719803  56.81818182
 41.77153778  37.1615344   53.4634913 
 56.42458101  34.01353121  50.56818182
 40.22346369  34.55053591  36.14603482
 50.27932961  36.24139144  41.93060928
 49.47368421  31.00616016  58.        
 38.94736842  33.47022587  55.        
 35.24551602  35.64428493  54.25531915
 24.21052632  35.31827515  48.        
 22.34636872  34.43606322  36.70212766
 19.55307263  33.80387931  36.17021277
 29.01499559  34.68230365  36.43012573
 32.96089385  31.33979885  16.4893617 
 45.81005587  32.80890805  17.55319149
 51.28932667  36.16480354  28.40909091
 65.          33.75527426  30.11363636
 73.18435754  35.03264586  33.37765957
 74.30167598  32.52764441  53.40909091
 78.90767421  30.45257868  58.52272727
 74.73684211  32.66056715  69.88636364
 75.26315789  29.75203389  81.25      
 60.          31.13706366  68.61702128
 51.53631285  30.41957268  68.        
 43.39900029  26.64825698  67.55319149
 40.42340488  29.61225205  61.14603482
 35.80417524  29.27416468  44.14893617
 52.          29.4         45.        
 53.0726257   29.60885591  37.51208897
 63.          27.13739451  47.14700193
 66.          28.6089135   54.58172147
 66.84210526  26.83505315  71.59090909
 64.21052632  29.00330715  67.80101547
 56.84210526  29.76611303  82.95454545
 49.38253455  28.3797755   57.44680851
 37.36842105  25.44383128  72.34042553
 36.31578947  30.20484062  76.35396518
 26.3349015   28.32110446  63.82978723
 18.42105263  26.56720568  53.19148936
 18.5         25.          44.68085106
 18.43575419  24.16307471  34.04255319
 26.81564246  29.05075416  32.84574468
 33.51955307  25.50646552  18.61702128
 44.13407821  25.93451428  20.74468085
 59.77653631  26.96739051  26.70454545
 65.36312849  25.21551724  49.3114937 
 65.          25.10548523  44.31818182
 64.73684211  20.38225942  48.86363636
 51.          22.5         37.76595745
 51.25698324  24.19029894  50.44729207
 45.32196413  24.44997015  46.59695358
 49.66186416  23.07066019  52.27272727
 50.99382535  24.80701311  38.63636364
 70.          18.98734177  39.20454545
 68.7150838   18.97415612  28.40909091
 73.74301676  22.18418085  39.77272727
 67.89473684  23.91244076  60.22727273
 68.42105263  19.95750266  63.63636364
 57.783005    23.93844342  60.91634429
 58.42105263  20.59886154  77.84090909
 45.          23.62869198  71.02272727
 36.31578947  22.54513176  65.95744681
 27.36842105  21.50496235  61.17021277
 28.94736842  19.43210986  47.87234043
 20.89385475  20.88437301  43.61702128
 27.66686269  23.70257567  36.99830754
 32.40223464  22.02227011  25.        
 43.01675978  20.34546414  27.27272727
 51.95530726  17.45689655  38.        
 45.81005587  16.94038266  43.75      
 62.          15.          44.        
 70.39106145  14.08318784  44.88636364
 64.73684211  14.54266629  58.52272727
 56.84210526  13.83242794  69.31818182
 46.31578947  17.45379877  55.83014297
 34.21052632  17.07033179  57.04787234
 30.13231403  14.66970741  47.87234043
 33.51955307  16.63433908  36.17021277
 35.19553073  12.28448276  31.91489362
 45.81005587  18.32057205  32.88201161
 49.16201117  16.26436782  25.16320116
 59.21787709  12.57911392  38.63636364
 55.10291091   8.89204085  36.71421663
 52.38997982  11.60337553  50.56818182
 50.74683916  12.4308769   52.43592843
 45.32196413  12.48532614  52.94970986
 30.52631579   8.47129535  53.19148936
 33.15789474  14.05437201  44.14893617
 35.75418994  10.99383457  35.65038685
 43.41517201  12.49837735  43.08510638
 49.72067039   7.74085795  37.28239845
 54.5604234    9.32032136  45.51499033
 54.57659512   4.82934716  59.09090909
 48.42105263   7.80287474  61.2850844 
 42.10526316   2.36067971  59.30246615
 32.31843575   3.92879129  56.91489362
 32.86092326   8.86671761  46.80851064
 26.0717436    4.24627479  43.08510638
 41.89944134   5.27844464  38.8962766 
 45.25139665   2.09739803  36.48452611
 53.0726257    6.9716948   40.58268859
 58.07850632   4.24676401  46.02272727
 53.15789474   2.26717438  58.52272727
 48.94736842   0.48611111  59.32059961
 37.36842105   1.11578972  57.36823017